* Measurement data measured by REW V5.20
* Source: Frequency Response Averaged data
* Format: Averaged data produced from Atrium - Auteur PL R1, Atrium - Auteur PLR2
* Dated: Apr 21, 2022 2:53:34 PM
* REW Settings:
*  C-weighting compensation: Off
*  Target level: 75.0 dB
* Note: ; Averaged data produced from Atrium - Auteur PL R1, Atrium - Auteur PLR2
* Measurement: Atrium - Auteur PL R
* Smoothing: 1/48 octave
* Frequency Step: 1/24 octave
* Start Frequency: 20.600 Hz
*
* Freq(Hz)	SPL(dB)	Phase(degrees)
20.600000	57.427773	0
21.200001	57.112221	0
21.799999	57.102936	0
22.400000	58.183098	0
23.000000	58.772411	0
23.600000	58.675369	0
24.299999	59.477005	0
25.000000	59.984066	0
25.799999	59.890411	0
26.500000	60.713058	0
27.200001	60.991531	0
28.000000	60.845726	0
29.000000	60.925255	0
30.000000	60.919212	0
30.700001	61.089230	0
31.500000	61.475208	0
32.500000	62.105827	0
33.500000	61.878368	0
34.500000	62.286331	0
35.500000	62.578243	0
36.500000	62.982956	0
37.500000	63.230850	0
38.700001	63.570648	0
40.000000	64.138451	0
41.200001	64.213348	0
42.500000	64.274490	0
43.700001	64.319038	0
45.000000	64.684372	0
46.200001	64.666023	0
47.500000	64.850845	0
48.700001	64.968658	0
50.000000	65.025024	0
51.500000	65.235481	0
53.000000	65.438477	0
54.500000	65.733154	0
56.000000	66.128059	0
58.000000	65.911224	0
60.000000	66.080132	0
61.500000	66.368851	0
63.000000	66.459259	0
65.000000	66.874481	0
67.000000	67.131668	0
69.000000	67.100723	0
71.000000	67.239243	0
73.000000	67.242111	0
75.000000	67.512863	0
77.500000	67.423653	0
80.000000	67.465492	0
82.500000	67.616570	0
85.000000	67.592751	0
87.500000	67.747314	0
90.000000	68.107857	0
92.500000	67.898369	0
95.000000	67.866211	0
97.500000	68.102127	0
100.000000	68.035767	0
103.000000	68.100349	0
106.000000	68.236588	0
109.000000	68.018463	0
112.000000	67.985497	0
115.000000	68.037956	0
118.000000	68.066711	0
122.000000	68.071869	0
125.000000	68.045219	0
128.000000	68.023193	0
132.000000	68.135498	0
136.000000	68.025696	0
140.000000	67.908424	0
145.000000	67.768021	0
150.000000	67.748085	0
155.000000	67.706749	0
160.000000	67.662216	0
165.000000	67.694580	0
170.000000	67.691910	0
175.000000	67.624611	0
180.000000	67.576485	0
185.000000	67.521278	0
190.000000	67.496811	0
195.000000	67.510216	0
200.000000	67.497955	0
206.000000	67.429558	0
212.000000	67.430855	0
218.000000	67.477379	0
224.000000	67.458191	0
230.000000	67.377991	0
236.000000	67.343277	0
243.000000	67.317337	0
250.000000	67.248634	0
258.000000	67.152542	0
265.000000	67.061745	0
272.000000	67.003601	0
280.000000	66.919777	0
290.000000	66.763245	0
300.000000	66.652985	0
307.000000	66.581467	0
315.000000	66.538239	0
325.000000	66.503448	0
335.000000	66.505928	0
345.000000	66.469971	0
355.000000	66.434814	0
365.000000	66.354195	0
375.000000	66.263680	0
387.000000	66.119957	0
400.000000	65.978531	0
412.000000	65.873505	0
425.000000	65.757828	0
437.000000	65.669746	0
450.000000	65.568253	0
462.000000	65.454651	0
475.000000	65.351982	0
487.000000	65.309319	0
500.000000	65.324890	0
515.000000	65.390732	0
530.000000	65.486992	0
545.000000	65.548561	0
560.000000	65.524559	0
580.000000	65.509621	0
600.000000	65.481400	0
615.000000	65.431503	0
630.000000	65.326439	0
650.000000	65.166534	0
670.000000	65.029099	0
690.000000	64.983521	0
710.000000	65.004372	0
730.000000	65.073387	0
750.000000	65.153793	0
775.000000	65.204826	0
800.000000	65.275848	0
825.000000	65.458649	0
850.000000	65.602646	0
875.000000	65.691002	0
900.000000	65.681770	0
925.000000	65.695114	0
950.000000	65.732628	0
975.000000	65.635010	0
1000.000000	65.371552	0
1030.000000	65.132751	0
1060.000000	64.959297	0
1090.000000	64.789719	0
1120.000000	64.633942	0
1150.000000	64.564903	0
1180.000000	64.433655	0
1220.000000	64.492027	0
1250.000000	64.653748	0
1280.000000	64.755127	0
1320.000000	64.950638	0
1360.000000	65.186058	0
1400.000000	65.455521	0
1450.000000	65.784943	0
1500.000000	66.121857	0
1550.000000	66.449867	0
1600.000000	66.768730	0
1650.000000	67.095032	0
1700.000000	67.415977	0
1750.000000	67.694328	0
1800.000000	67.854271	0
1850.000000	67.862663	0
1900.000000	67.723953	0
1950.000000	67.461151	0
2000.000000	67.248497	0
2060.000000	67.259918	0
2120.000000	67.594795	0
2180.000000	68.222557	0
2240.000000	69.008804	0
2300.000000	69.766075	0
2360.000000	70.351311	0
2430.000000	70.891708	0
2500.000000	71.231415	0
2580.000000	71.308571	0
2650.000000	71.205658	0
2720.000000	71.051414	0
2800.000000	70.848122	0
2900.000000	70.540421	0
3000.000000	70.220573	0
3070.000000	69.999329	0
3150.000000	69.706528	0
3250.000000	69.177765	0
3350.000000	68.551636	0
3450.000000	67.974663	0
3550.000000	67.479073	0
3650.000000	67.064308	0
3750.000000	66.817123	0
3870.000000	66.822411	0
4000.000000	67.147224	0
4120.000000	67.419342	0
4250.000000	67.402328	0
4370.000000	66.984901	0
4500.000000	66.589508	0
4620.000000	67.205009	0
4750.000000	69.375381	0
4870.000000	71.527153	0
5000.000000	72.997864	0
5150.000000	73.670105	0
5300.000000	73.894508	0
5450.000000	73.988754	0
5600.000000	73.860023	0
5800.000000	72.914734	0
6000.000000	71.135338	0
6150.000000	69.404053	0
6300.000000	67.509827	0
6500.000000	64.887955	0
6700.000000	62.245407	0
6900.000000	59.796162	0
7100.000000	57.612270	0
7300.000000	55.380547	0
7500.000000	52.859215	0
7750.000000	53.346233	0
8000.000000	55.903526	0
8250.000000	54.682274	0
8500.000000	50.232086	0
8750.000000	44.324062	0
9000.000000	47.440399	0
9250.000000	50.493114	0
9500.000000	51.749252	0
9750.000000	52.082592	0
10000.000000	51.867157	0
10300.000000	51.540398	0
10600.000000	50.598579	0
10900.000000	47.428711	0
11200.000000	45.742966	0
11500.000000	48.547619	0
11800.000000	50.639896	0
12200.000000	49.884315	0
12500.000000	46.567093	0
12800.000000	42.882549	0
13200.000000	48.059185	0
13600.000000	53.725578	0
14000.000000	55.209808	0
14500.000000	54.738922	0
15000.000000	57.734146	0
15500.000000	61.344177	0
16000.000000	61.943825	0
16500.000000	61.277344	0
17000.000000	60.493080	0
17500.000000	56.748451	0
18000.000000	57.657990	0
18500.000000	58.414665	0
19000.000000	58.115986	0
19500.000000	57.108334	0
