* Measurement data measured by REW V5.20
* Source: Frequency Response Averaged data
* Format: Averaged data produced from HD800SDR Dek R1, HD800SDR Dek R2, HD800SDR Dek R3, HD800SDR Dek R4, HD800SDR Dek R5
* Dated: Sep 4, 2021 1:16:21 PM
* REW Settings:
*  C-weighting compensation: Off
*  Target level: 75.0 dB
* Note: ; Averaged data produced from HD800SDR Dek R1, HD800SDR Dek R2, HD800SDR Dek R3, HD800SDR Dek R4, HD800SDR Dek R5
* Measurement: HD800SDR Dek R
* Smoothing: 1/48 octave
* Frequency Step: 1/24 octave
* Start Frequency: 20.600 Hz
*
* Freq(Hz)	SPL(dB)	Phase(degrees)
20.600000	70.089569	0
21.200001	70.364227	0
21.799999	70.665764	0
22.400000	71.007370	0
23.000000	71.328926	0
23.600000	71.567444	0
24.299999	71.803719	0
25.000000	72.115265	0
25.799999	72.498032	0
26.500000	72.736259	0
27.200001	72.938278	0
28.000000	73.215591	0
29.000000	73.545654	0
30.000000	73.847740	0
30.700001	74.060059	0
31.500000	74.266869	0
32.500000	74.519531	0
33.500000	74.780670	0
34.500000	74.978928	0
35.500000	75.178230	0
36.500000	75.401672	0
37.500000	75.614761	0
38.700001	75.844215	0
40.000000	76.056183	0
41.200001	76.268211	0
42.500000	76.495491	0
43.700001	76.685104	0
45.000000	76.848358	0
46.200001	77.011810	0
47.500000	77.190643	0
48.700001	77.323822	0
50.000000	77.449280	0
51.500000	77.612404	0
53.000000	77.757195	0
54.500000	77.894730	0
56.000000	78.022415	0
58.000000	78.178696	0
60.000000	78.323097	0
61.500000	78.429596	0
63.000000	78.512825	0
65.000000	78.634995	0
67.000000	78.761993	0
69.000000	78.884087	0
71.000000	78.992897	0
73.000000	79.093506	0
75.000000	79.172180	0
77.500000	79.274521	0
80.000000	79.372841	0
82.500000	79.472313	0
85.000000	79.542358	0
87.500000	79.548286	0
90.000000	79.645943	0
92.500000	79.681999	0
95.000000	79.773926	0
97.500000	79.885986	0
100.000000	80.000130	0
103.000000	80.027664	0
106.000000	80.079300	0
109.000000	80.144112	0
112.000000	80.209274	0
115.000000	80.281029	0
118.000000	80.351364	0
122.000000	80.425461	0
125.000000	80.483963	0
128.000000	80.540947	0
132.000000	80.612457	0
136.000000	80.672523	0
140.000000	80.727036	0
145.000000	80.799248	0
150.000000	80.860855	0
155.000000	80.913849	0
160.000000	80.968048	0
165.000000	81.010170	0
170.000000	81.044632	0
175.000000	81.072868	0
180.000000	81.096832	0
185.000000	81.121078	0
190.000000	81.157570	0
195.000000	81.189674	0
200.000000	81.216179	0
206.000000	81.242210	0
212.000000	81.260490	0
218.000000	81.274368	0
224.000000	81.278557	0
230.000000	81.290871	0
236.000000	81.305534	0
243.000000	81.321815	0
250.000000	81.339897	0
258.000000	81.359283	0
265.000000	81.367233	0
272.000000	81.363251	0
280.000000	81.360443	0
290.000000	81.367653	0
300.000000	81.363785	0
307.000000	81.323860	0
315.000000	81.292046	0
325.000000	81.287445	0
335.000000	81.283691	0
345.000000	81.280563	0
355.000000	81.256187	0
365.000000	81.218903	0
375.000000	81.201790	0
387.000000	81.188194	0
400.000000	81.156715	0
412.000000	81.112526	0
425.000000	81.082626	0
437.000000	81.065445	0
450.000000	81.042381	0
462.000000	81.021133	0
475.000000	80.980171	0
487.000000	80.950569	0
500.000000	80.946045	0
515.000000	80.869949	0
530.000000	80.848404	0
545.000000	80.824829	0
560.000000	80.824844	0
580.000000	80.800133	0
600.000000	80.786888	0
615.000000	80.769508	0
630.000000	80.800041	0
650.000000	80.823631	0
670.000000	80.840401	0
690.000000	80.805450	0
710.000000	80.772598	0
730.000000	80.745499	0
750.000000	80.760864	0
775.000000	80.742752	0
800.000000	80.673027	0
825.000000	80.746841	0
850.000000	80.760796	0
875.000000	80.693466	0
900.000000	80.568092	0
925.000000	80.521370	0
950.000000	80.562836	0
975.000000	80.512665	0
1000.000000	80.330460	0
1030.000000	80.253532	0
1060.000000	80.316109	0
1090.000000	80.066559	0
1120.000000	79.852905	0
1150.000000	79.883026	0
1180.000000	79.853134	0
1220.000000	79.720634	0
1250.000000	79.633224	0
1280.000000	79.563980	0
1320.000000	79.490524	0
1360.000000	79.317047	0
1400.000000	79.311752	0
1450.000000	79.548706	0
1500.000000	79.569321	0
1550.000000	79.835663	0
1600.000000	80.041283	0
1650.000000	80.226433	0
1700.000000	80.525917	0
1750.000000	80.698692	0
1800.000000	81.162659	0
1850.000000	81.495155	0
1900.000000	82.014488	0
1950.000000	82.374626	0
2000.000000	82.804016	0
2060.000000	83.320282	0
2120.000000	83.941849	0
2180.000000	84.527748	0
2240.000000	84.991112	0
2300.000000	85.580948	0
2360.000000	86.085510	0
2430.000000	86.505508	0
2500.000000	86.922714	0
2580.000000	87.209991	0
2650.000000	87.483170	0
2720.000000	87.659500	0
2800.000000	87.711212	0
2900.000000	87.727509	0
3000.000000	87.618347	0
3070.000000	87.540688	0
3150.000000	87.426765	0
3250.000000	87.287437	0
3350.000000	87.181969	0
3450.000000	87.229019	0
3550.000000	87.311157	0
3650.000000	87.355148	0
3750.000000	87.485435	0
3870.000000	87.619377	0
4000.000000	87.954430	0
4120.000000	88.247330	0
4250.000000	88.471436	0
4370.000000	88.748901	0
4500.000000	89.104012	0
4620.000000	89.507332	0
4750.000000	90.099564	0
4870.000000	90.830124	0
5000.000000	91.679520	0
5150.000000	92.323402	0
5300.000000	92.255699	0
5450.000000	91.542633	0
5600.000000	90.388298	0
5800.000000	88.370163	0
6000.000000	86.409210	0
6150.000000	85.248543	0
6300.000000	84.513489	0
6500.000000	84.336327	0
6700.000000	85.049652	0
6900.000000	85.744080	0
7100.000000	84.866104	0
7300.000000	82.918388	0
7500.000000	82.032425	0
7750.000000	82.688042	0
8000.000000	83.718735	0
8250.000000	85.340698	0
8500.000000	86.759552	0
8750.000000	84.603638	0
9000.000000	79.012650	0
9250.000000	76.359329	0
9500.000000	78.303680	0
9750.000000	79.470940	0
10000.000000	79.491875	0
10300.000000	78.760956	0
10600.000000	76.731598	0
10900.000000	74.401970	0
11200.000000	74.940750	0
11500.000000	79.149445	0
11800.000000	80.921547	0
12200.000000	77.562340	0
12500.000000	74.986198	0
12800.000000	72.039711	0
13200.000000	70.197174	0
13600.000000	71.644531	0
14000.000000	72.712677	0
14500.000000	76.271652	0
15000.000000	75.972786	0
15500.000000	76.753799	0
16000.000000	79.803604	0
16500.000000	79.075790	0
17000.000000	75.240997	0
17500.000000	73.499702	0
18000.000000	73.862671	0
18500.000000	72.521194	0
19000.000000	69.443901	0
19500.000000	66.292458	0
