* Measurement data measured by REW V5.20
* Source: Frequency Response Averaged data
* Format: Averaged data produced from HD800SDR Dek L1, HD800SDR Dek L2, HD800SDR Dek L3, HD800SDR Dek L4, HD800SDR Dek L5
* Dated: Sep 4, 2021 1:13:41 PM
* REW Settings:
*  C-weighting compensation: Off
*  Target level: 75.0 dB
* Note: ; Averaged data produced from HD800SDR Dek L1, HD800SDR Dek L2, HD800SDR Dek L3, HD800SDR Dek L4, HD800SDR Dek L5
* Measurement: HD800SDR Dek L
* Smoothing: 1/48 octave
* Frequency Step: 1/24 octave
* Start Frequency: 20.600 Hz
*
* Freq(Hz)	SPL(dB)	Phase(degrees)
20.600000	70.706589	0
21.200001	71.072701	0
21.799999	71.344452	0
22.400000	71.583496	0
23.000000	72.173164	0
23.600000	73.149178	0
24.299999	73.689934	0
25.000000	73.322174	0
25.799999	73.082504	0
26.500000	73.363480	0
27.200001	73.744461	0
28.000000	74.155685	0
29.000000	74.464211	0
30.000000	74.567001	0
30.700001	74.650856	0
31.500000	74.849976	0
32.500000	75.186066	0
33.500000	75.461014	0
34.500000	75.656357	0
35.500000	75.785286	0
36.500000	75.906830	0
37.500000	76.065796	0
38.700001	76.278595	0
40.000000	76.461113	0
41.200001	76.579506	0
42.500000	76.780266	0
43.700001	76.966919	0
45.000000	77.123962	0
46.200001	77.295021	0
47.500000	77.429733	0
48.700001	77.511353	0
50.000000	77.631187	0
51.500000	77.803978	0
53.000000	77.933670	0
54.500000	78.032242	0
56.000000	78.140831	0
58.000000	78.292152	0
60.000000	78.423988	0
61.500000	78.492836	0
63.000000	78.567352	0
65.000000	78.670296	0
67.000000	78.772621	0
69.000000	78.884857	0
71.000000	78.992828	0
73.000000	79.090088	0
75.000000	79.174957	0
77.500000	79.247665	0
80.000000	79.336319	0
82.500000	79.428787	0
85.000000	79.522400	0
87.500000	79.612648	0
90.000000	79.723869	0
92.500000	79.834206	0
95.000000	79.865753	0
97.500000	79.933151	0
100.000000	79.924767	0
103.000000	80.035652	0
106.000000	80.075874	0
109.000000	80.110397	0
112.000000	80.171753	0
115.000000	80.227776	0
118.000000	80.291237	0
122.000000	80.378784	0
125.000000	80.445328	0
128.000000	80.514069	0
132.000000	80.594826	0
136.000000	80.652397	0
140.000000	80.705856	0
145.000000	80.770782	0
150.000000	80.822754	0
155.000000	80.876884	0
160.000000	80.927757	0
165.000000	80.963654	0
170.000000	80.994720	0
175.000000	81.025543	0
180.000000	81.050392	0
185.000000	81.080238	0
190.000000	81.122711	0
195.000000	81.162300	0
200.000000	81.195145	0
206.000000	81.218140	0
212.000000	81.248360	0
218.000000	81.271973	0
224.000000	81.275047	0
230.000000	81.293655	0
236.000000	81.321030	0
243.000000	81.343964	0
250.000000	81.362686	0
258.000000	81.383904	0
265.000000	81.396835	0
272.000000	81.406578	0
280.000000	81.415359	0
290.000000	81.427795	0
300.000000	81.439026	0
307.000000	81.415764	0
315.000000	81.397934	0
325.000000	81.399940	0
335.000000	81.402962	0
345.000000	81.418602	0
355.000000	81.413528	0
365.000000	81.403946	0
375.000000	81.399887	0
387.000000	81.410896	0
400.000000	81.391273	0
412.000000	81.353050	0
425.000000	81.332199	0
437.000000	81.337219	0
450.000000	81.334885	0
462.000000	81.329834	0
475.000000	81.296631	0
487.000000	81.275246	0
500.000000	81.292694	0
515.000000	81.233536	0
530.000000	81.210266	0
545.000000	81.193878	0
560.000000	81.194382	0
580.000000	81.149040	0
600.000000	81.116142	0
615.000000	81.064301	0
630.000000	81.045509	0
650.000000	80.998215	0
670.000000	80.949997	0
690.000000	80.835037	0
710.000000	80.716583	0
730.000000	80.633339	0
750.000000	80.612411	0
775.000000	80.564400	0
800.000000	80.494400	0
825.000000	80.512085	0
850.000000	80.456238	0
875.000000	80.386780	0
900.000000	80.310028	0
925.000000	80.273857	0
950.000000	80.283203	0
975.000000	80.215599	0
1000.000000	80.090797	0
1030.000000	80.039352	0
1060.000000	80.014175	0
1090.000000	79.789711	0
1120.000000	79.610321	0
1150.000000	79.630142	0
1180.000000	79.542099	0
1220.000000	79.329254	0
1250.000000	79.278519	0
1280.000000	79.239326	0
1320.000000	79.286072	0
1360.000000	79.125618	0
1400.000000	79.207603	0
1450.000000	79.420990	0
1500.000000	79.436699	0
1550.000000	79.691292	0
1600.000000	79.740814	0
1650.000000	79.856163	0
1700.000000	80.161270	0
1750.000000	80.333267	0
1800.000000	80.722748	0
1850.000000	81.034935	0
1900.000000	81.506332	0
1950.000000	81.956055	0
2000.000000	82.465996	0
2060.000000	83.088669	0
2120.000000	83.778725	0
2180.000000	84.342674	0
2240.000000	84.920647	0
2300.000000	85.405655	0
2360.000000	85.897430	0
2430.000000	86.250206	0
2500.000000	86.607231	0
2580.000000	86.743805	0
2650.000000	86.931450	0
2720.000000	87.088608	0
2800.000000	87.218140	0
2900.000000	87.297417	0
3000.000000	87.366058	0
3070.000000	87.372940	0
3150.000000	87.338280	0
3250.000000	87.261734	0
3350.000000	87.224190	0
3450.000000	87.215149	0
3550.000000	87.128700	0
3650.000000	87.092300	0
3750.000000	87.146240	0
3870.000000	87.278526	0
4000.000000	87.460144	0
4120.000000	87.688454	0
4250.000000	88.141113	0
4370.000000	88.671371	0
4500.000000	89.265015	0
4620.000000	89.799042	0
4750.000000	90.331291	0
4870.000000	90.798035	0
5000.000000	91.246841	0
5150.000000	91.682930	0
5300.000000	91.848343	0
5450.000000	91.726929	0
5600.000000	91.170418	0
5800.000000	89.622917	0
6000.000000	87.711678	0
6150.000000	86.447983	0
6300.000000	85.589241	0
6500.000000	85.319130	0
6700.000000	86.007370	0
6900.000000	86.785309	0
7100.000000	86.116119	0
7300.000000	84.480286	0
7500.000000	83.908897	0
7750.000000	84.469254	0
8000.000000	85.097305	0
8250.000000	86.668282	0
8500.000000	87.669586	0
8750.000000	84.523346	0
9000.000000	78.796234	0
9250.000000	77.088142	0
9500.000000	79.279816	0
9750.000000	81.061096	0
10000.000000	81.417824	0
10300.000000	80.500618	0
10600.000000	79.153862	0
10900.000000	78.335938	0
11200.000000	79.689323	0
11500.000000	82.271805	0
11800.000000	82.246819	0
12200.000000	77.175964	0
12500.000000	72.250717	0
12800.000000	69.742355	0
13200.000000	70.491676	0
13600.000000	70.904427	0
14000.000000	68.943687	0
14500.000000	74.222565	0
15000.000000	76.455101	0
15500.000000	77.446846	0
16000.000000	80.211235	0
16500.000000	80.639748	0
17000.000000	77.537338	0
17500.000000	75.325623	0
18000.000000	75.534851	0
18500.000000	74.711868	0
19000.000000	71.815048	0
19500.000000	68.539383	0
