20	-4.322160394399655
20.290906698750476	-4.342858103547269
20.586044732869844	-4.363548332267168
20.885475648548283	-4.384221892330037
21.189261887185914	-4.404871077761995
21.49746679841394	-4.425494516924818
21.810154653305165	-4.446097706388034
22.12739065777668	-4.466679217789566
22.449240966187475	-4.4872326182719195
22.77577269513385	-4.5077540979988004
23.107053937445478	-4.528245907148547
23.44315377638505	-4.5487056312585255
23.784142300054445	-4.569131489427789
24.130090616010463	-4.589528600477111
24.481070866093134	-4.609901115639163
24.837156241469714	-4.630255314926333
25.1984209978975	-4.6505933328618765
25.56494047120865	-4.670917571281029
25.936791093020236	-4.691225477463057
26.3140504066728	-4.711514902063564
26.69679708340074	-4.731779805162421
27.08511093873791	-4.752016710391931
27.47907294916184	-4.772221723597194
27.878765268980047	-4.79239860901968
28.284271247461966	-4.812552486431635
28.695675446220072	-4.8326843816352305
29.11306365684382	-4.852801867919028
29.536522918790062	-4.872914962883128
29.966141537533712	-4.893027301951107
30.402009102982383	-4.9131326159175215
30.844216508158908	-4.933226769611331
31.29285596815558	-4.9533045026269305
31.74802103936409	-4.973356532250887
32.20980663898519	-4.993382782101454
32.67830906482211	-5.013390763822378
33.153626015361866	-5.033389502022427
33.63585661014871	-5.05338399545351
34.125101410453844	-5.073369961665372
34.62146244024586	-5.093334023330917
35.12504320746613	-5.113270060795847
35.635948725613716	-5.13318039443293
36.15428553564419	-5.153072520759843
36.68016172818701	-5.172956624506479
37.21368696608603	-5.192843645467189
37.754972507267915	-5.21274358726088
38.30413122794313	-5.2326637256859225
38.86127764614443	-5.252606400656787
39.4265279456077	-5.272566162540739
40.000000000000206	-5.292526205402128
40.58181339750116	-5.312459755645736
41.1720894657399	-5.332347932298947
41.77095129709678	-5.352182053832213
42.37852377437204	-5.371961910255171
42.9949335968281	-5.391695772946673
43.62030930661056	-5.411402169071517
44.25478131555359	-5.431107546519474
44.89848193237519	-5.450827998917247
45.55154539026795	-5.470567846869711
46.21410787489121	-5.490323392932251
46.88630755277036	-5.510086092731495
47.56828460010916	-5.529845244143401
48.260181232021196	-5.549590467107694
48.962141732186545	-5.569314327055801
49.674312482939705	-5.589015449225593
50.39684199579528	-5.6087023720439655
51.129880942417586	-5.628392310866557
51.873582186040764	-5.648092791423497
52.628100813345895	-5.667800763096232
53.393594166801776	-5.68750728525024
54.17022187747612	-5.7072020284648035
54.95814589832399	-5.726877882741412
55.75753053796041	-5.746536020222335
56.56854249492426	-5.766185567529573
57.39135089244048	-5.785825665956582
58.226127313687975	-5.80544608372449
59.073045837580466	-5.825034354733288
59.932283075067765	-5.844583741554581
60.804018205965114	-5.86409620092775
61.68843301631817	-5.8835680677028614
62.58571193631152	-5.902995902940982
63.49604207872855	-5.922383876269084
64.41961327797075	-5.941733816438426
65.35661812964459	-5.961049491237217
66.3072520307241	-5.980329515201093
67.27171322029778	-5.99957449718538
68.25020282090806	-6.01878261605272
69.2429248804921	-6.037959663554031
70.25008641493265	-6.057110766378877
71.27189745122783	-6.076233329879774
72.30857107128878	-6.0953310181538205
73.36032345637442	-6.114408773819793
74.42737393217246	-6.133462035216585
75.50994501453623	-6.1524735651002755
76.60826245588666	-6.171431918475509
77.72255529228926	-6.190331040022369
78.85305589121582	-6.209165118115913
80.00000000000082	-6.227925861071931
81.16362679500274	-6.246602513374104
82.34417893148023	-6.265185026264361
83.541902594194	-6.2836708932354455
84.75704754874454	-6.302068832062531
85.98986719365665	-6.320384861127321
87.24061861322157	-6.338626739596072
88.50956263110764	-6.356797302663583
89.79696386475084	-6.374905956489263
91.10309078053635	-6.392960918898954
92.42821574978288	-6.410956644007972
93.77261510554118	-6.428871304882362
95.13656920021877	-6.446690122067223
96.52036246404286	-6.46440945669886
97.92428346437356	-6.482037624094473
99.34862496587989	-6.499592382144666
100.79368399159105	-6.5170788601688905
102.25976188483567	-6.534494872408973
103.74716437208203	-6.551839558242339
105.25620162669229	-6.5691012072057795
106.78718833360406	-6.58626493870297
108.34044375495276	-6.603308081687021
109.9162917966485	-6.620217205401747
111.51506107592134	-6.636986073192351
113.13708498984903	-6.653611904682342
114.78270178488147	-6.670098779864745
116.45225462737648	-6.686459735833421
118.14609167516147	-6.702699927735978
119.86456615013608	-6.718823905033005
121.60803641193078	-6.734822641970274
123.3768660326369	-6.75066689516186
125.17142387262359	-6.766334650825353
126.99208415745765	-6.781819917843841
128.83922655594208	-6.797132819569166
130.71323625928977	-6.812281796324679
132.61450406144883	-6.82728415060191
134.5434264405962	-6.842157373029263
136.50040564181674	-6.856909223971098
138.48584976098482	-6.871535254148438
140.50017282986593	-6.886023559020512
142.5437949024563	-6.90036720712275
144.61714214257822	-6.9145750287499865
146.7206469127495	-6.928650701201587
148.8547478643456	-6.942580013215123
151.01989002907314	-6.9563572206503785
153.216524911774	-6.969989560060609
155.4451105845792	-6.983490215257769
157.70611178243232	-6.996848398854514
160.00000000000236	-7.010040122605435
162.3272535900062	-7.023048454967492
164.6883578629612	-7.035851001569118
167.08380518838874	-7.048408416760931
169.51409509748981	-7.060666800687099
171.97973438731407	-7.072577124234016
174.4812372264439	-7.084124091925541
177.01912526221608	-7.095321138714224
179.5939277295025	-7.106183743533056
182.20618156107355	-7.1167510778131975
184.85643149956664	-7.127083494672167
187.54523021108326	-7.137232718887943
190.27313840043846	-7.147253603199864
193.04072492808663	-7.157192170604632
195.84856692874806	-7.1670707038985215
198.69724993176072	-7.176879105445481
201.58736798318304	-7.186571140848193
204.5195237696723	-7.196066600654766
207.49432874416505	-7.205263270335665
210.5124032533856	-7.2140517715474415
213.57437666720915	-7.222300841660977
216.68088750990657	-7.229862742883643
219.83258359329807	-7.236610139369297
223.03012215184378	-7.242461092872065
226.2741699796992	-7.247388139812902
229.5654035697641	-7.251417818024158
232.90450925475412	-7.254622678828711
236.2921833503241	-7.2571032238020505
239.72913230027333	-7.258968342057176
243.21607282386276	-7.2603508712831495
246.75373206527502	-7.261402723372866
250.34284774524843	-7.262256758273318
253.9841683149166	-7.26300371488896
257.67845311188546	-7.263688252346185
261.42647251858085	-7.264316088197823
265.22900812289896	-7.264868164832299
269.08685288119375	-7.265304336096621
273.0008112836349	-7.265524536902782
276.97169952197106	-7.265393800859536
281.00034565973334	-7.264790782131471
285.0875898049141	-7.263605988495032
289.23428428515797	-7.261719377404526
293.44129382550057	-7.259059019305522
297.7094957286928	-7.255590160149493
302.0397800581479	-7.251278419266627
306.4330498235497	-7.246106062374468
310.89022116916016	-7.24008926273457
315.41222356486645	-7.233278852436209
320.00000000000654	-7.225741900843439
324.6545071800142	-7.217537887935615
329.3767157259242	-7.208742413298597
334.16761037677935	-7.199450281849201
339.02819019498156	-7.189748042121363
343.95946877463007	-7.179706715728716
348.9624744528898	-7.169363259966149
354.03825052443415	-7.158768494382939
359.187855459007	-7.147942783157269
364.4123631221491	-7.136888142862443
369.71286299913527	-7.125563704164239
375.0904604221685	-7.113870490600253
380.54627680087896	-7.10167553200663
386.08144985617537	-7.0888664493660505
391.6971338574982	-7.075358335781056
397.3944998635236	-7.061067990890647
403.1747359663683	-7.045942682117188
409.0390475393468	-7.029980829064073
414.9886574883323	-7.013226270266562
421.0248065067734	-6.995735185668755
427.1487533344206	-6.977535441895372
433.3617750198154	-6.958651406171918
439.6651671865984	-6.939108443832342
446.06024430368984	-6.918912773351499
452.54833995940066	-6.898087147849707
459.13080713953053	-6.876675192136644
465.8090185095106	-6.854709589704687
472.58436670065066	-6.832225176852315
479.45826460054917	-6.809251647292975
486.432145647728	-6.7858407519200075
493.50746413055253	-6.762059959167378
500.6856954904994	-6.7380054294209435
507.9683366298358	-6.713756132687015
515.3569062237735	-6.689348789366654
522.8529450371643	-6.664792879904529
530.4580162458005	-6.640084756253563
538.1737057623901	-6.615149424292643
546.0016225672724	-6.589886675362403
553.9433990439449	-6.564159943370195
562.0006913194694	-6.5378225058746455
570.1751796098309	-6.51081146907736
578.4685685703187	-6.483190288727146
586.8825876510039	-6.4551513253965656
595.4189914573883	-6.427038621901438
604.0795601162986	-6.399184661780959
612.8660996471021	-6.3718428481258
621.780442338323	-6.345139091028993
630.8244471297356	-6.319109438997066
640.0000000000159	-6.293792858176336
649.3090143600314	-6.269237110571077
658.7534314518515	-6.245491851672718
668.3352207535618	-6.222530612891727
678.0563803899662	-6.200319470433945
687.9189375492632	-6.1788070237201245
697.9249489057827	-6.157939966692697
708.0765010488715	-6.137718256526451
718.3757109180171	-6.118155817808368
728.8247262443015	-6.0992455666719385
739.425725998274	-6.08087544952664
750.1809208443404	-6.062963806302965
761.0925536017613	-6.045529377711635
772.1628997123541	-6.028663047126932
783.3942677149998	-6.012558151783315
794.7889997270506	-5.997396717540173
806.34947193274	-5.983143249821283
818.0780950786972	-5.9697206485772405
829.9773149766683	-5.957043650617933
842.0496130135506	-5.944871911611579
854.2975066688449	-5.932890041525828
866.7235500396347	-5.92072751117097
879.3303343732008	-5.90790905346206
892.1204886073838	-5.893883877028294
905.0966799188055	-5.878192135135799
918.2616142790653	-5.860438072327354
931.6180370190256	-5.840188980921385
945.1687334013056	-5.8171172603055465
958.9165292011028	-5.791062447779864
972.8642912954606	-5.762003437317664
987.0149282611097	-5.730011159245997
1001.3713909810035	-5.695193997198451
1015.9366732596762	-5.657605399923563
1030.7138124475518	-5.617065655064973
1045.7058900743334	-5.572966644399985
1060.916032491606	-5.524423485108918
1076.3474115247852	-5.470659595967387
1092.0032451345498	-5.4112788019609015
1107.8867980878947	-5.3465442536166945
1124.0013826389438	-5.277485477208816
1140.350359219667	-5.205760077254277
1156.9371371406426	-5.133441435980036
1173.765175302013	-5.062360497765675
1190.837982914782	-4.9936058022358205
1208.1591202326028	-4.9274482393163295
1225.73219929421	-4.863561976502454
1243.5608846766518	-4.801149019299652
1261.648894259477	-4.73927290161822
1280.0000000000375	-4.677012610366827
1298.6180287200684	-4.613367869508433
1317.5068629037087	-4.547205146572758
1336.6704415071292	-4.477014012070423
1356.112760779938	-4.400836988139634
1375.8378750985323	-4.316272715873566
1395.8498978115715	-4.220395360411234
1416.153002097749	-4.109657285041105
1436.7514218360407	-3.980794082544373
1457.6494524886093	-3.831754387703759
1478.8514519965543	-3.6635922906040626
1500.3618416886875	-3.4819939376635554
1522.1851072035295	-3.2963608720982243
1544.3257994247153	-3.1134231069540426
1566.788535430007	-2.93201434877985
1589.5779994541087	-2.747624749395806
1612.6989438654878	-2.556326871426736
1636.156190157402	-2.357291220836591
1659.9546299533442	-2.152263014297889
1684.099226027109	-1.9431113816507222
1708.5950133376978	-1.7306640511756408
1733.4471000792773	-1.5152465805794855
1758.6606687464096	-1.2972937350147073
1784.2409772147755	-1.0785059527713223
1810.193359837619	-0.8626516781588783
1836.5232285581387	-0.6543867089519654
1863.2360740380593	-0.45343556209765135
1890.3374668026197	-0.24908442077278878
1917.833058402214	-0.027823696552616947
1945.7285825909298	0.2122133026855408
1974.0298565222283	0.46391887506749474
2002.7427819620161	0.7208128117130257
2031.8733465193618	0.9798694711525939
2061.4276248951132	1.2393465043854228
2091.411780148677	1.4981900802656687
2121.832064983222	1.755847505144518
2152.694823049581	2.0124058375037603
2184.0064902691106	2.268064805215431
2215.7735961758003	2.522445312556138
2248.002765277899	2.7732850297983522
2280.7007184393456	3.0132316576790568
2313.874274281297	3.2292914800702417
2347.530350604038	3.4146061917932657
2381.6759658295764	3.5802819933706567
2416.318240465218	3.7370915729177634
2451.4643985884327	3.8875777209441544
2487.1217693533167	4.02873526125148
2523.2977885189675	4.155296531267118
2560.0000000000887	4.261873609505499
2597.236057440151	4.34439303115171
2635.0137258074315	4.4010815364493805
2673.340883014273	4.432008138401593
2712.225521559891	4.4382863108677775
2751.6757501970797	4.422235186582488
2791.699795623158	4.386997266221653
2832.3060041955137	4.33537928145169
2873.502843672097	4.270115958504787
2915.2989049772345	4.193856731561885
2957.7029039931244	4.109580282584613
3000.723683377391	4.019942359011602
3044.370214407075	3.92774996625016
3088.6515988494466	3.8354718384353896
3133.57707086003	3.7440746173964654
3179.1559989082334	3.653347831668489
3225.3978877309914	3.5616637419605115
3272.3123803148205	3.4675696903421462
3319.9092599067053	3.3700953623559635
3368.198452054235	3.2690696505565846
3417.190026675413	3.1645610085865856
3466.8942001585724	3.0569365358950615
3517.3213374928373	2.9460442014555315
3568.4819544295697	2.8305011259628343
3620.386719675257	2.708160269956928
3673.0464571162966	2.5777042380436406
3726.472148076138	2.438224426152095
3780.6749336052594	2.2904084263887894
3835.6661168044484	2.1359792092580525
3891.45716518188	1.9770996051540923
3948.059713044477	1.8151542905319902
4005.4855639240527	1.650655128515574
4063.746693038744	1.4833391198037718
4122.855249790247	1.3115292319056335
4182.823560297375	1.1334642162223227
4243.664129966465	0.9478458721435461
4305.389646099183	0.7544778359401383
4368.012980538242	0.5542149348197736
4431.5471923516225	0.3502965250322084
4496.00553055582	0.146746878940179
4561.401436878714	-0.0521224426538919
4627.748548562617	-0.24278004907434506
4695.060701208099	-0.4228367251202607
4763.351931659176	-0.5915679507292153
4832.63648093046	-0.7492522651397756
4902.928797176889	-0.8976062729914112
4974.243538706657	-1.0400200676393714
5046.595577037959	-1.1797186352432227
5120.000000000202	-1.320119776251305
5194.472114880326	-1.4613700103311453
5270.027451614888	-1.6022875795424512
5346.6817660285715	-1.7440818444827562
5424.451043119808	-1.890817304868829
5503.351500394186	-2.0482206481487464
5583.399591246343	-2.217324508365892
5664.612008391055	-2.3905128114025107
5747.005687344222	-2.5562134083750583
5830.597809954497	-2.7045441533116255
5915.405807986278	-2.830265199731566
6001.447366754812	-2.935109895543407
6088.740428814181	-3.0223354026666347
6177.303197698925	-3.096236834234425
6267.154141720092	-3.1667739597877973
6358.3119978165005	-3.2509983228740564
6450.795775462017	-3.372615916039724
6544.624760629676	-3.5491646044549476
6639.818519813445	-3.782568256816602
6736.396904108505	-4.060520244936281
6834.380053350861	-4.362859062946816
6933.788400317181	-4.669596130200109
7034.642674985712	-4.958260481080035
7136.963908859177	-5.203992467499594
7240.773439350552	-5.381791514233584
7346.092914232631	-5.468165857522464
7452.944296152315	-5.440268153046457
7561.349867210557	-5.268904570807834
7671.332233608935	-4.917238435055382
7782.914330363799	-4.365764236020414
7896.119426088994	-3.662325412804489
8010.971127848146	-2.9302464093988574
8127.49338607753	-2.320255663455863
8245.710499580537	-1.9403456404326318
8365.647120594791	-1.8257483932493206
8487.328259932974	-1.9528728232090686
8610.77929219841	-2.2805750884049814
8736.025961076528	-2.7667117220145347
8863.094384703289	-3.3553200901718823
8992.011061111683	-3.964000610613899
9122.802873757471	-4.477921521669274
9255.497097125279	-4.798086449228788
9390.121402416245	-4.909392008062526
9526.7038633184	-4.897589281580522
9665.272961860968	-4.894235108598181
9805.857594353829	-5.012729986875097
9948.487077413367	-5.314551582218502
10093.19115407597	-5.794387062213829
10240.000000000457	-6.403147457226981
10388.944229760706	-7.076171888563352
10540.05490322983	-7.739164239508487
10693.363532057198	-8.302484111171662
10848.902086239672	-8.658777834701558
11006.703000788428	-8.712733264885898
11166.799182492743	-8.461631101885695
11329.224016782166	-8.025952801166119
11494.0113746885	-7.579554488969218
11661.195619909053	-7.253831462232181
11830.811615972614	-7.097469981538672
12002.894733509682	-7.095871057972651
12177.48085762842	-7.217828010211501
12354.606395397908	-7.439121141917912
12534.308283440243	-7.737761316966059
12716.62399563306	-8.077558949689992
12901.591550924093	-8.421190719186946
13089.249521259411	-8.76532062685239
13279.637039626952	-9.115815675780262
13472.793808217073	-9.470789004940945
13668.760106701786	-9.830621456691668
13867.576800634426	-10.19535907643014
14069.285349971487	-10.564327858856027
14273.927817718419	-10.93907180088218
14481.54687870117	-11.318911173413372
14692.18582846533	-11.703774811799063
14905.888592304698	-12.094639548523396
15122.699734421185	-12.491325532206675
15342.664467217943	-12.892381521091963
15565.828660727671	-13.2999978527948
15792.238852178061	-13.711970163785859
16021.942255696367	-14.12975514713542
16254.986772155136	-14.553596599549035
16491.42099916115	-14.983421447742408
16731.294241189662	-15.419281293762943
16974.65651986603	-15.861184712110177
17221.558584396902	-16.305803353341343
17472.051922153143	-16.744801373321227
17726.188769406665	-17.177547799362213
17984.022122223458	-17.603470718606754
18245.605747515034	-18.024246348221144
18510.99419425065	-18.439086621861147
18780.242804832582	-18.84793275585865
19053.40772663689	-19.25181986065195
19330.545923722028	-19.650013728851818
19611.71518870775	-20.051451842408863
19896.974154826825	-20.440829248975195
20186.382308152035	-20.6030295274122